var example200_0 = {
    "gs": [
        142,
        25,
        116,
        99,
        196,
        169,
        8,
        192,
        77,
        104,
        134,
        40,
        41,
        45,
        109,
        138,
        3,
        97,
        151,
        191,
        57,
        74,
        183,
        120,
        50,
        167,
        197,
        159,
        65,
        22,
        29,
        53,
        30,
        125,
        9,
        92,
        180,
        198,
        129,
        46,
        108,
        193,
        64,
        66,
        82,
        135,
        71,
        67,
        21,
        174,
        110,
        132,
        69,
        178,
        136,
        70,
        48,
        118,
        91,
        117,
        121,
        154,
        190,
        150,
        185,
        127,
        107,
        20,
        149,
        55,
        130,
        32,
        2,
        102,
        106,
        61,
        182,
        78,
        145,
        43,
        6,
        115,
        35,
        131,
        184,
        58,
        17,
        172,
        23,
        84,
        26,
        15,
        10,
        194,
        27,
        80,
        68,
        124,
        181,
        63,
        122,
        83,
        4,
        37,
        111,
        0,
        100,
        54,
        141,
        128,
        31,
        39,
        105,
        18,
        7,
        156,
        176,
        153,
        96,
        75,
        123,
        12,
        90,
        38,
        49,
        76,
        171,
        44,
        89,
        11,
        144,
        126,
        160,
        113,
        103,
        59,
        98,
        72,
        28,
        16,
        199,
        152,
        14,
        36,
        175,
        52,
        51,
        1,
        195,
        186,
        177,
        168,
        140,
        95,
        85,
        34,
        147,
        93,
        47,
        87,
        164,
        56,
        5,
        81,
        157,
        112,
        170,
        148,
        19,
        60,
        155,
        24,
        42,
        187,
        165,
        101,
        114,
        33,
        88,
        146,
        73,
        86,
        139,
        137,
        189,
        188,
        13,
        161,
        158,
        162,
        143,
        179,
        163,
        133,
        119,
        166,
        62,
        94,
        79,
        173
    ],
    "stats": [
        71,
        33,
        33,
        11,
        9,
        71,
        76,
        33,
        76,
        33,
        71,
        76,
        71,
        76,
        71,
        71,
        11,
        71,
        71,
        71,
        76,
        76,
        33,
        76,
        76,
        33,
        76,
        76,
        71,
        33,
        33,
        76,
        33,
        11,
        33,
        71,
        9,
        71,
        76,
        33,
        76,
        71,
        76,
        71,
        71,
        76,
        33,
        76,
        76,
        71,
        76,
        71,
        76,
        76,
        71,
        76,
        76,
        76,
        71,
        76,
        71,
        71,
        9,
        11,
        76,
        71,
        71,
        76,
        76,
        76,
        76,
        33,
        33,
        9,
        76,
        71,
        11,
        76,
        76,
        71,
        76,
        33,
        71,
        76,
        71,
        71,
        71,
        76,
        76,
        71,
        76,
        71,
        71,
        71,
        76,
        76,
        76,
        71,
        71,
        11,
        76,
        76,
        9,
        71,
        33,
        71,
        76,
        71,
        76,
        71,
        76,
        33,
        71,
        71,
        33,
        33,
        33,
        76,
        76,
        71,
        76,
        71,
        76,
        76,
        71,
        11,
        76,
        71,
        71,
        76,
        76,
        76,
        71,
        71,
        71,
        76,
        71,
        33,
        71,
        11,
        76,
        76,
        71,
        9,
        76,
        76,
        71,
        33,
        33,
        76,
        11,
        71,
        76,
        76,
        71,
        33,
        33,
        71,
        76,
        76,
        71,
        76,
        71,
        33,
        71,
        71,
        33,
        33,
        71,
        71,
        33,
        76,
        76,
        76,
        71,
        76,
        33,
        11,
        76,
        71,
        9,
        71,
        11,
        33,
        71,
        76,
        76,
        76,
        76,
        71,
        9,
        71,
        33,
        71,
        71,
        33,
        9,
        76,
        71,
        76
    ],
    "gp": [
        "0->142->14->109->128->89->84->184->189->162->5->169->60->121->12->41->193->133->113->18->151->168->19->191->179->146->51->132->160->164->157->93->194->119->75->61->154->85->58->91->15->138->28->65->127->44->82->35->92->10->134->103->37->198->79->43->66->107->54->136->98->181->86->17->97->124->49->174->165->112->105->0",
        "1->25->167->148->195->166->170->155->34->9->104->111->39->46->71->32->30->29->22->183->137->72->2->116->176->114->7->192->163->81->115->156->147->1",
        "2->116->176->114->7->192->163->81->115->156->147->1->25->167->148->195->166->170->155->34->9->104->111->39->46->71->32->30->29->22->183->137->72->2",
        "3->99->63->150->177->33->125->76->182->139->16->3",
        "4->196->62->190->143->36->180->73->102->4",
        "5->169->60->121->12->41->193->133->113->18->151->168->19->191->179->146->51->132->160->164->157->93->194->119->75->61->154->85->58->91->15->138->28->65->127->44->82->35->92->10->134->103->37->198->79->43->66->107->54->136->98->181->86->17->97->124->49->174->165->112->105->0->142->14->109->128->89->84->184->189->162->5",
        "6->8->77->78->145->52->69->55->70->130->144->175->101->83->131->126->171->24->50->110->31->53->178->88->23->120->123->38->129->11->40->108->141->152->140->199->173->187->161->56->48->21->74->106->100->122->90->26->197->94->27->159->87->172->42->64->185->188->158->47->67->20->57->118->96->68->149->186->13->45->135->59->117->153->95->80->6",
        "7->192->163->81->115->156->147->1->25->167->148->195->166->170->155->34->9->104->111->39->46->71->32->30->29->22->183->137->72->2->116->176->114->7",
        "8->77->78->145->52->69->55->70->130->144->175->101->83->131->126->171->24->50->110->31->53->178->88->23->120->123->38->129->11->40->108->141->152->140->199->173->187->161->56->48->21->74->106->100->122->90->26->197->94->27->159->87->172->42->64->185->188->158->47->67->20->57->118->96->68->149->186->13->45->135->59->117->153->95->80->6->8",
        "9->104->111->39->46->71->32->30->29->22->183->137->72->2->116->176->114->7->192->163->81->115->156->147->1->25->167->148->195->166->170->155->34->9",
        "10->134->103->37->198->79->43->66->107->54->136->98->181->86->17->97->124->49->174->165->112->105->0->142->14->109->128->89->84->184->189->162->5->169->60->121->12->41->193->133->113->18->151->168->19->191->179->146->51->132->160->164->157->93->194->119->75->61->154->85->58->91->15->138->28->65->127->44->82->35->92->10",
        "11->40->108->141->152->140->199->173->187->161->56->48->21->74->106->100->122->90->26->197->94->27->159->87->172->42->64->185->188->158->47->67->20->57->118->96->68->149->186->13->45->135->59->117->153->95->80->6->8->77->78->145->52->69->55->70->130->144->175->101->83->131->126->171->24->50->110->31->53->178->88->23->120->123->38->129->11",
        "12->41->193->133->113->18->151->168->19->191->179->146->51->132->160->164->157->93->194->119->75->61->154->85->58->91->15->138->28->65->127->44->82->35->92->10->134->103->37->198->79->43->66->107->54->136->98->181->86->17->97->124->49->174->165->112->105->0->142->14->109->128->89->84->184->189->162->5->169->60->121->12",
        "13->45->135->59->117->153->95->80->6->8->77->78->145->52->69->55->70->130->144->175->101->83->131->126->171->24->50->110->31->53->178->88->23->120->123->38->129->11->40->108->141->152->140->199->173->187->161->56->48->21->74->106->100->122->90->26->197->94->27->159->87->172->42->64->185->188->158->47->67->20->57->118->96->68->149->186->13",
        "14->109->128->89->84->184->189->162->5->169->60->121->12->41->193->133->113->18->151->168->19->191->179->146->51->132->160->164->157->93->194->119->75->61->154->85->58->91->15->138->28->65->127->44->82->35->92->10->134->103->37->198->79->43->66->107->54->136->98->181->86->17->97->124->49->174->165->112->105->0->142->14",
        "15->138->28->65->127->44->82->35->92->10->134->103->37->198->79->43->66->107->54->136->98->181->86->17->97->124->49->174->165->112->105->0->142->14->109->128->89->84->184->189->162->5->169->60->121->12->41->193->133->113->18->151->168->19->191->179->146->51->132->160->164->157->93->194->119->75->61->154->85->58->91->15",
        "16->3->99->63->150->177->33->125->76->182->139->16",
        "17->97->124->49->174->165->112->105->0->142->14->109->128->89->84->184->189->162->5->169->60->121->12->41->193->133->113->18->151->168->19->191->179->146->51->132->160->164->157->93->194->119->75->61->154->85->58->91->15->138->28->65->127->44->82->35->92->10->134->103->37->198->79->43->66->107->54->136->98->181->86->17",
        "18->151->168->19->191->179->146->51->132->160->164->157->93->194->119->75->61->154->85->58->91->15->138->28->65->127->44->82->35->92->10->134->103->37->198->79->43->66->107->54->136->98->181->86->17->97->124->49->174->165->112->105->0->142->14->109->128->89->84->184->189->162->5->169->60->121->12->41->193->133->113->18",
        "19->191->179->146->51->132->160->164->157->93->194->119->75->61->154->85->58->91->15->138->28->65->127->44->82->35->92->10->134->103->37->198->79->43->66->107->54->136->98->181->86->17->97->124->49->174->165->112->105->0->142->14->109->128->89->84->184->189->162->5->169->60->121->12->41->193->133->113->18->151->168->19",
        "20->57->118->96->68->149->186->13->45->135->59->117->153->95->80->6->8->77->78->145->52->69->55->70->130->144->175->101->83->131->126->171->24->50->110->31->53->178->88->23->120->123->38->129->11->40->108->141->152->140->199->173->187->161->56->48->21->74->106->100->122->90->26->197->94->27->159->87->172->42->64->185->188->158->47->67->20",
        "21->74->106->100->122->90->26->197->94->27->159->87->172->42->64->185->188->158->47->67->20->57->118->96->68->149->186->13->45->135->59->117->153->95->80->6->8->77->78->145->52->69->55->70->130->144->175->101->83->131->126->171->24->50->110->31->53->178->88->23->120->123->38->129->11->40->108->141->152->140->199->173->187->161->56->48->21",
        "22->183->137->72->2->116->176->114->7->192->163->81->115->156->147->1->25->167->148->195->166->170->155->34->9->104->111->39->46->71->32->30->29->22",
        "23->120->123->38->129->11->40->108->141->152->140->199->173->187->161->56->48->21->74->106->100->122->90->26->197->94->27->159->87->172->42->64->185->188->158->47->67->20->57->118->96->68->149->186->13->45->135->59->117->153->95->80->6->8->77->78->145->52->69->55->70->130->144->175->101->83->131->126->171->24->50->110->31->53->178->88->23",
        "24->50->110->31->53->178->88->23->120->123->38->129->11->40->108->141->152->140->199->173->187->161->56->48->21->74->106->100->122->90->26->197->94->27->159->87->172->42->64->185->188->158->47->67->20->57->118->96->68->149->186->13->45->135->59->117->153->95->80->6->8->77->78->145->52->69->55->70->130->144->175->101->83->131->126->171->24",
        "25->167->148->195->166->170->155->34->9->104->111->39->46->71->32->30->29->22->183->137->72->2->116->176->114->7->192->163->81->115->156->147->1->25",
        "26->197->94->27->159->87->172->42->64->185->188->158->47->67->20->57->118->96->68->149->186->13->45->135->59->117->153->95->80->6->8->77->78->145->52->69->55->70->130->144->175->101->83->131->126->171->24->50->110->31->53->178->88->23->120->123->38->129->11->40->108->141->152->140->199->173->187->161->56->48->21->74->106->100->122->90->26",
        "27->159->87->172->42->64->185->188->158->47->67->20->57->118->96->68->149->186->13->45->135->59->117->153->95->80->6->8->77->78->145->52->69->55->70->130->144->175->101->83->131->126->171->24->50->110->31->53->178->88->23->120->123->38->129->11->40->108->141->152->140->199->173->187->161->56->48->21->74->106->100->122->90->26->197->94->27",
        "28->65->127->44->82->35->92->10->134->103->37->198->79->43->66->107->54->136->98->181->86->17->97->124->49->174->165->112->105->0->142->14->109->128->89->84->184->189->162->5->169->60->121->12->41->193->133->113->18->151->168->19->191->179->146->51->132->160->164->157->93->194->119->75->61->154->85->58->91->15->138->28",
        "29->22->183->137->72->2->116->176->114->7->192->163->81->115->156->147->1->25->167->148->195->166->170->155->34->9->104->111->39->46->71->32->30->29",
        "30->29->22->183->137->72->2->116->176->114->7->192->163->81->115->156->147->1->25->167->148->195->166->170->155->34->9->104->111->39->46->71->32->30",
        "31->53->178->88->23->120->123->38->129->11->40->108->141->152->140->199->173->187->161->56->48->21->74->106->100->122->90->26->197->94->27->159->87->172->42->64->185->188->158->47->67->20->57->118->96->68->149->186->13->45->135->59->117->153->95->80->6->8->77->78->145->52->69->55->70->130->144->175->101->83->131->126->171->24->50->110->31",
        "32->30->29->22->183->137->72->2->116->176->114->7->192->163->81->115->156->147->1->25->167->148->195->166->170->155->34->9->104->111->39->46->71->32",
        "33->125->76->182->139->16->3->99->63->150->177->33",
        "34->9->104->111->39->46->71->32->30->29->22->183->137->72->2->116->176->114->7->192->163->81->115->156->147->1->25->167->148->195->166->170->155->34",
        "35->92->10->134->103->37->198->79->43->66->107->54->136->98->181->86->17->97->124->49->174->165->112->105->0->142->14->109->128->89->84->184->189->162->5->169->60->121->12->41->193->133->113->18->151->168->19->191->179->146->51->132->160->164->157->93->194->119->75->61->154->85->58->91->15->138->28->65->127->44->82->35",
        "36->180->73->102->4->196->62->190->143->36",
        "37->198->79->43->66->107->54->136->98->181->86->17->97->124->49->174->165->112->105->0->142->14->109->128->89->84->184->189->162->5->169->60->121->12->41->193->133->113->18->151->168->19->191->179->146->51->132->160->164->157->93->194->119->75->61->154->85->58->91->15->138->28->65->127->44->82->35->92->10->134->103->37",
        "38->129->11->40->108->141->152->140->199->173->187->161->56->48->21->74->106->100->122->90->26->197->94->27->159->87->172->42->64->185->188->158->47->67->20->57->118->96->68->149->186->13->45->135->59->117->153->95->80->6->8->77->78->145->52->69->55->70->130->144->175->101->83->131->126->171->24->50->110->31->53->178->88->23->120->123->38",
        "39->46->71->32->30->29->22->183->137->72->2->116->176->114->7->192->163->81->115->156->147->1->25->167->148->195->166->170->155->34->9->104->111->39",
        "40->108->141->152->140->199->173->187->161->56->48->21->74->106->100->122->90->26->197->94->27->159->87->172->42->64->185->188->158->47->67->20->57->118->96->68->149->186->13->45->135->59->117->153->95->80->6->8->77->78->145->52->69->55->70->130->144->175->101->83->131->126->171->24->50->110->31->53->178->88->23->120->123->38->129->11->40",
        "41->193->133->113->18->151->168->19->191->179->146->51->132->160->164->157->93->194->119->75->61->154->85->58->91->15->138->28->65->127->44->82->35->92->10->134->103->37->198->79->43->66->107->54->136->98->181->86->17->97->124->49->174->165->112->105->0->142->14->109->128->89->84->184->189->162->5->169->60->121->12->41",
        "42->64->185->188->158->47->67->20->57->118->96->68->149->186->13->45->135->59->117->153->95->80->6->8->77->78->145->52->69->55->70->130->144->175->101->83->131->126->171->24->50->110->31->53->178->88->23->120->123->38->129->11->40->108->141->152->140->199->173->187->161->56->48->21->74->106->100->122->90->26->197->94->27->159->87->172->42",
        "43->66->107->54->136->98->181->86->17->97->124->49->174->165->112->105->0->142->14->109->128->89->84->184->189->162->5->169->60->121->12->41->193->133->113->18->151->168->19->191->179->146->51->132->160->164->157->93->194->119->75->61->154->85->58->91->15->138->28->65->127->44->82->35->92->10->134->103->37->198->79->43",
        "44->82->35->92->10->134->103->37->198->79->43->66->107->54->136->98->181->86->17->97->124->49->174->165->112->105->0->142->14->109->128->89->84->184->189->162->5->169->60->121->12->41->193->133->113->18->151->168->19->191->179->146->51->132->160->164->157->93->194->119->75->61->154->85->58->91->15->138->28->65->127->44",
        "45->135->59->117->153->95->80->6->8->77->78->145->52->69->55->70->130->144->175->101->83->131->126->171->24->50->110->31->53->178->88->23->120->123->38->129->11->40->108->141->152->140->199->173->187->161->56->48->21->74->106->100->122->90->26->197->94->27->159->87->172->42->64->185->188->158->47->67->20->57->118->96->68->149->186->13->45",
        "46->71->32->30->29->22->183->137->72->2->116->176->114->7->192->163->81->115->156->147->1->25->167->148->195->166->170->155->34->9->104->111->39->46",
        "47->67->20->57->118->96->68->149->186->13->45->135->59->117->153->95->80->6->8->77->78->145->52->69->55->70->130->144->175->101->83->131->126->171->24->50->110->31->53->178->88->23->120->123->38->129->11->40->108->141->152->140->199->173->187->161->56->48->21->74->106->100->122->90->26->197->94->27->159->87->172->42->64->185->188->158->47",
        "48->21->74->106->100->122->90->26->197->94->27->159->87->172->42->64->185->188->158->47->67->20->57->118->96->68->149->186->13->45->135->59->117->153->95->80->6->8->77->78->145->52->69->55->70->130->144->175->101->83->131->126->171->24->50->110->31->53->178->88->23->120->123->38->129->11->40->108->141->152->140->199->173->187->161->56->48",
        "49->174->165->112->105->0->142->14->109->128->89->84->184->189->162->5->169->60->121->12->41->193->133->113->18->151->168->19->191->179->146->51->132->160->164->157->93->194->119->75->61->154->85->58->91->15->138->28->65->127->44->82->35->92->10->134->103->37->198->79->43->66->107->54->136->98->181->86->17->97->124->49",
        "50->110->31->53->178->88->23->120->123->38->129->11->40->108->141->152->140->199->173->187->161->56->48->21->74->106->100->122->90->26->197->94->27->159->87->172->42->64->185->188->158->47->67->20->57->118->96->68->149->186->13->45->135->59->117->153->95->80->6->8->77->78->145->52->69->55->70->130->144->175->101->83->131->126->171->24->50",
        "51->132->160->164->157->93->194->119->75->61->154->85->58->91->15->138->28->65->127->44->82->35->92->10->134->103->37->198->79->43->66->107->54->136->98->181->86->17->97->124->49->174->165->112->105->0->142->14->109->128->89->84->184->189->162->5->169->60->121->12->41->193->133->113->18->151->168->19->191->179->146->51",
        "52->69->55->70->130->144->175->101->83->131->126->171->24->50->110->31->53->178->88->23->120->123->38->129->11->40->108->141->152->140->199->173->187->161->56->48->21->74->106->100->122->90->26->197->94->27->159->87->172->42->64->185->188->158->47->67->20->57->118->96->68->149->186->13->45->135->59->117->153->95->80->6->8->77->78->145->52",
        "53->178->88->23->120->123->38->129->11->40->108->141->152->140->199->173->187->161->56->48->21->74->106->100->122->90->26->197->94->27->159->87->172->42->64->185->188->158->47->67->20->57->118->96->68->149->186->13->45->135->59->117->153->95->80->6->8->77->78->145->52->69->55->70->130->144->175->101->83->131->126->171->24->50->110->31->53",
        "54->136->98->181->86->17->97->124->49->174->165->112->105->0->142->14->109->128->89->84->184->189->162->5->169->60->121->12->41->193->133->113->18->151->168->19->191->179->146->51->132->160->164->157->93->194->119->75->61->154->85->58->91->15->138->28->65->127->44->82->35->92->10->134->103->37->198->79->43->66->107->54",
        "55->70->130->144->175->101->83->131->126->171->24->50->110->31->53->178->88->23->120->123->38->129->11->40->108->141->152->140->199->173->187->161->56->48->21->74->106->100->122->90->26->197->94->27->159->87->172->42->64->185->188->158->47->67->20->57->118->96->68->149->186->13->45->135->59->117->153->95->80->6->8->77->78->145->52->69->55",
        "56->48->21->74->106->100->122->90->26->197->94->27->159->87->172->42->64->185->188->158->47->67->20->57->118->96->68->149->186->13->45->135->59->117->153->95->80->6->8->77->78->145->52->69->55->70->130->144->175->101->83->131->126->171->24->50->110->31->53->178->88->23->120->123->38->129->11->40->108->141->152->140->199->173->187->161->56",
        "57->118->96->68->149->186->13->45->135->59->117->153->95->80->6->8->77->78->145->52->69->55->70->130->144->175->101->83->131->126->171->24->50->110->31->53->178->88->23->120->123->38->129->11->40->108->141->152->140->199->173->187->161->56->48->21->74->106->100->122->90->26->197->94->27->159->87->172->42->64->185->188->158->47->67->20->57",
        "58->91->15->138->28->65->127->44->82->35->92->10->134->103->37->198->79->43->66->107->54->136->98->181->86->17->97->124->49->174->165->112->105->0->142->14->109->128->89->84->184->189->162->5->169->60->121->12->41->193->133->113->18->151->168->19->191->179->146->51->132->160->164->157->93->194->119->75->61->154->85->58",
        "59->117->153->95->80->6->8->77->78->145->52->69->55->70->130->144->175->101->83->131->126->171->24->50->110->31->53->178->88->23->120->123->38->129->11->40->108->141->152->140->199->173->187->161->56->48->21->74->106->100->122->90->26->197->94->27->159->87->172->42->64->185->188->158->47->67->20->57->118->96->68->149->186->13->45->135->59",
        "60->121->12->41->193->133->113->18->151->168->19->191->179->146->51->132->160->164->157->93->194->119->75->61->154->85->58->91->15->138->28->65->127->44->82->35->92->10->134->103->37->198->79->43->66->107->54->136->98->181->86->17->97->124->49->174->165->112->105->0->142->14->109->128->89->84->184->189->162->5->169->60",
        "61->154->85->58->91->15->138->28->65->127->44->82->35->92->10->134->103->37->198->79->43->66->107->54->136->98->181->86->17->97->124->49->174->165->112->105->0->142->14->109->128->89->84->184->189->162->5->169->60->121->12->41->193->133->113->18->151->168->19->191->179->146->51->132->160->164->157->93->194->119->75->61",
        "62->190->143->36->180->73->102->4->196->62",
        "63->150->177->33->125->76->182->139->16->3->99->63",
        "64->185->188->158->47->67->20->57->118->96->68->149->186->13->45->135->59->117->153->95->80->6->8->77->78->145->52->69->55->70->130->144->175->101->83->131->126->171->24->50->110->31->53->178->88->23->120->123->38->129->11->40->108->141->152->140->199->173->187->161->56->48->21->74->106->100->122->90->26->197->94->27->159->87->172->42->64",
        "65->127->44->82->35->92->10->134->103->37->198->79->43->66->107->54->136->98->181->86->17->97->124->49->174->165->112->105->0->142->14->109->128->89->84->184->189->162->5->169->60->121->12->41->193->133->113->18->151->168->19->191->179->146->51->132->160->164->157->93->194->119->75->61->154->85->58->91->15->138->28->65",
        "66->107->54->136->98->181->86->17->97->124->49->174->165->112->105->0->142->14->109->128->89->84->184->189->162->5->169->60->121->12->41->193->133->113->18->151->168->19->191->179->146->51->132->160->164->157->93->194->119->75->61->154->85->58->91->15->138->28->65->127->44->82->35->92->10->134->103->37->198->79->43->66",
        "67->20->57->118->96->68->149->186->13->45->135->59->117->153->95->80->6->8->77->78->145->52->69->55->70->130->144->175->101->83->131->126->171->24->50->110->31->53->178->88->23->120->123->38->129->11->40->108->141->152->140->199->173->187->161->56->48->21->74->106->100->122->90->26->197->94->27->159->87->172->42->64->185->188->158->47->67",
        "68->149->186->13->45->135->59->117->153->95->80->6->8->77->78->145->52->69->55->70->130->144->175->101->83->131->126->171->24->50->110->31->53->178->88->23->120->123->38->129->11->40->108->141->152->140->199->173->187->161->56->48->21->74->106->100->122->90->26->197->94->27->159->87->172->42->64->185->188->158->47->67->20->57->118->96->68",
        "69->55->70->130->144->175->101->83->131->126->171->24->50->110->31->53->178->88->23->120->123->38->129->11->40->108->141->152->140->199->173->187->161->56->48->21->74->106->100->122->90->26->197->94->27->159->87->172->42->64->185->188->158->47->67->20->57->118->96->68->149->186->13->45->135->59->117->153->95->80->6->8->77->78->145->52->69",
        "70->130->144->175->101->83->131->126->171->24->50->110->31->53->178->88->23->120->123->38->129->11->40->108->141->152->140->199->173->187->161->56->48->21->74->106->100->122->90->26->197->94->27->159->87->172->42->64->185->188->158->47->67->20->57->118->96->68->149->186->13->45->135->59->117->153->95->80->6->8->77->78->145->52->69->55->70",
        "71->32->30->29->22->183->137->72->2->116->176->114->7->192->163->81->115->156->147->1->25->167->148->195->166->170->155->34->9->104->111->39->46->71",
        "72->2->116->176->114->7->192->163->81->115->156->147->1->25->167->148->195->166->170->155->34->9->104->111->39->46->71->32->30->29->22->183->137->72",
        "73->102->4->196->62->190->143->36->180->73",
        "74->106->100->122->90->26->197->94->27->159->87->172->42->64->185->188->158->47->67->20->57->118->96->68->149->186->13->45->135->59->117->153->95->80->6->8->77->78->145->52->69->55->70->130->144->175->101->83->131->126->171->24->50->110->31->53->178->88->23->120->123->38->129->11->40->108->141->152->140->199->173->187->161->56->48->21->74",
        "75->61->154->85->58->91->15->138->28->65->127->44->82->35->92->10->134->103->37->198->79->43->66->107->54->136->98->181->86->17->97->124->49->174->165->112->105->0->142->14->109->128->89->84->184->189->162->5->169->60->121->12->41->193->133->113->18->151->168->19->191->179->146->51->132->160->164->157->93->194->119->75",
        "76->182->139->16->3->99->63->150->177->33->125->76",
        "77->78->145->52->69->55->70->130->144->175->101->83->131->126->171->24->50->110->31->53->178->88->23->120->123->38->129->11->40->108->141->152->140->199->173->187->161->56->48->21->74->106->100->122->90->26->197->94->27->159->87->172->42->64->185->188->158->47->67->20->57->118->96->68->149->186->13->45->135->59->117->153->95->80->6->8->77",
        "78->145->52->69->55->70->130->144->175->101->83->131->126->171->24->50->110->31->53->178->88->23->120->123->38->129->11->40->108->141->152->140->199->173->187->161->56->48->21->74->106->100->122->90->26->197->94->27->159->87->172->42->64->185->188->158->47->67->20->57->118->96->68->149->186->13->45->135->59->117->153->95->80->6->8->77->78",
        "79->43->66->107->54->136->98->181->86->17->97->124->49->174->165->112->105->0->142->14->109->128->89->84->184->189->162->5->169->60->121->12->41->193->133->113->18->151->168->19->191->179->146->51->132->160->164->157->93->194->119->75->61->154->85->58->91->15->138->28->65->127->44->82->35->92->10->134->103->37->198->79",
        "80->6->8->77->78->145->52->69->55->70->130->144->175->101->83->131->126->171->24->50->110->31->53->178->88->23->120->123->38->129->11->40->108->141->152->140->199->173->187->161->56->48->21->74->106->100->122->90->26->197->94->27->159->87->172->42->64->185->188->158->47->67->20->57->118->96->68->149->186->13->45->135->59->117->153->95->80",
        "81->115->156->147->1->25->167->148->195->166->170->155->34->9->104->111->39->46->71->32->30->29->22->183->137->72->2->116->176->114->7->192->163->81",
        "82->35->92->10->134->103->37->198->79->43->66->107->54->136->98->181->86->17->97->124->49->174->165->112->105->0->142->14->109->128->89->84->184->189->162->5->169->60->121->12->41->193->133->113->18->151->168->19->191->179->146->51->132->160->164->157->93->194->119->75->61->154->85->58->91->15->138->28->65->127->44->82",
        "83->131->126->171->24->50->110->31->53->178->88->23->120->123->38->129->11->40->108->141->152->140->199->173->187->161->56->48->21->74->106->100->122->90->26->197->94->27->159->87->172->42->64->185->188->158->47->67->20->57->118->96->68->149->186->13->45->135->59->117->153->95->80->6->8->77->78->145->52->69->55->70->130->144->175->101->83",
        "84->184->189->162->5->169->60->121->12->41->193->133->113->18->151->168->19->191->179->146->51->132->160->164->157->93->194->119->75->61->154->85->58->91->15->138->28->65->127->44->82->35->92->10->134->103->37->198->79->43->66->107->54->136->98->181->86->17->97->124->49->174->165->112->105->0->142->14->109->128->89->84",
        "85->58->91->15->138->28->65->127->44->82->35->92->10->134->103->37->198->79->43->66->107->54->136->98->181->86->17->97->124->49->174->165->112->105->0->142->14->109->128->89->84->184->189->162->5->169->60->121->12->41->193->133->113->18->151->168->19->191->179->146->51->132->160->164->157->93->194->119->75->61->154->85",
        "86->17->97->124->49->174->165->112->105->0->142->14->109->128->89->84->184->189->162->5->169->60->121->12->41->193->133->113->18->151->168->19->191->179->146->51->132->160->164->157->93->194->119->75->61->154->85->58->91->15->138->28->65->127->44->82->35->92->10->134->103->37->198->79->43->66->107->54->136->98->181->86",
        "87->172->42->64->185->188->158->47->67->20->57->118->96->68->149->186->13->45->135->59->117->153->95->80->6->8->77->78->145->52->69->55->70->130->144->175->101->83->131->126->171->24->50->110->31->53->178->88->23->120->123->38->129->11->40->108->141->152->140->199->173->187->161->56->48->21->74->106->100->122->90->26->197->94->27->159->87",
        "88->23->120->123->38->129->11->40->108->141->152->140->199->173->187->161->56->48->21->74->106->100->122->90->26->197->94->27->159->87->172->42->64->185->188->158->47->67->20->57->118->96->68->149->186->13->45->135->59->117->153->95->80->6->8->77->78->145->52->69->55->70->130->144->175->101->83->131->126->171->24->50->110->31->53->178->88",
        "89->84->184->189->162->5->169->60->121->12->41->193->133->113->18->151->168->19->191->179->146->51->132->160->164->157->93->194->119->75->61->154->85->58->91->15->138->28->65->127->44->82->35->92->10->134->103->37->198->79->43->66->107->54->136->98->181->86->17->97->124->49->174->165->112->105->0->142->14->109->128->89",
        "90->26->197->94->27->159->87->172->42->64->185->188->158->47->67->20->57->118->96->68->149->186->13->45->135->59->117->153->95->80->6->8->77->78->145->52->69->55->70->130->144->175->101->83->131->126->171->24->50->110->31->53->178->88->23->120->123->38->129->11->40->108->141->152->140->199->173->187->161->56->48->21->74->106->100->122->90",
        "91->15->138->28->65->127->44->82->35->92->10->134->103->37->198->79->43->66->107->54->136->98->181->86->17->97->124->49->174->165->112->105->0->142->14->109->128->89->84->184->189->162->5->169->60->121->12->41->193->133->113->18->151->168->19->191->179->146->51->132->160->164->157->93->194->119->75->61->154->85->58->91",
        "92->10->134->103->37->198->79->43->66->107->54->136->98->181->86->17->97->124->49->174->165->112->105->0->142->14->109->128->89->84->184->189->162->5->169->60->121->12->41->193->133->113->18->151->168->19->191->179->146->51->132->160->164->157->93->194->119->75->61->154->85->58->91->15->138->28->65->127->44->82->35->92",
        "93->194->119->75->61->154->85->58->91->15->138->28->65->127->44->82->35->92->10->134->103->37->198->79->43->66->107->54->136->98->181->86->17->97->124->49->174->165->112->105->0->142->14->109->128->89->84->184->189->162->5->169->60->121->12->41->193->133->113->18->151->168->19->191->179->146->51->132->160->164->157->93",
        "94->27->159->87->172->42->64->185->188->158->47->67->20->57->118->96->68->149->186->13->45->135->59->117->153->95->80->6->8->77->78->145->52->69->55->70->130->144->175->101->83->131->126->171->24->50->110->31->53->178->88->23->120->123->38->129->11->40->108->141->152->140->199->173->187->161->56->48->21->74->106->100->122->90->26->197->94",
        "95->80->6->8->77->78->145->52->69->55->70->130->144->175->101->83->131->126->171->24->50->110->31->53->178->88->23->120->123->38->129->11->40->108->141->152->140->199->173->187->161->56->48->21->74->106->100->122->90->26->197->94->27->159->87->172->42->64->185->188->158->47->67->20->57->118->96->68->149->186->13->45->135->59->117->153->95",
        "96->68->149->186->13->45->135->59->117->153->95->80->6->8->77->78->145->52->69->55->70->130->144->175->101->83->131->126->171->24->50->110->31->53->178->88->23->120->123->38->129->11->40->108->141->152->140->199->173->187->161->56->48->21->74->106->100->122->90->26->197->94->27->159->87->172->42->64->185->188->158->47->67->20->57->118->96",
        "97->124->49->174->165->112->105->0->142->14->109->128->89->84->184->189->162->5->169->60->121->12->41->193->133->113->18->151->168->19->191->179->146->51->132->160->164->157->93->194->119->75->61->154->85->58->91->15->138->28->65->127->44->82->35->92->10->134->103->37->198->79->43->66->107->54->136->98->181->86->17->97",
        "98->181->86->17->97->124->49->174->165->112->105->0->142->14->109->128->89->84->184->189->162->5->169->60->121->12->41->193->133->113->18->151->168->19->191->179->146->51->132->160->164->157->93->194->119->75->61->154->85->58->91->15->138->28->65->127->44->82->35->92->10->134->103->37->198->79->43->66->107->54->136->98",
        "99->63->150->177->33->125->76->182->139->16->3->99",
        "100->122->90->26->197->94->27->159->87->172->42->64->185->188->158->47->67->20->57->118->96->68->149->186->13->45->135->59->117->153->95->80->6->8->77->78->145->52->69->55->70->130->144->175->101->83->131->126->171->24->50->110->31->53->178->88->23->120->123->38->129->11->40->108->141->152->140->199->173->187->161->56->48->21->74->106->100",
        "101->83->131->126->171->24->50->110->31->53->178->88->23->120->123->38->129->11->40->108->141->152->140->199->173->187->161->56->48->21->74->106->100->122->90->26->197->94->27->159->87->172->42->64->185->188->158->47->67->20->57->118->96->68->149->186->13->45->135->59->117->153->95->80->6->8->77->78->145->52->69->55->70->130->144->175->101",
        "102->4->196->62->190->143->36->180->73->102",
        "103->37->198->79->43->66->107->54->136->98->181->86->17->97->124->49->174->165->112->105->0->142->14->109->128->89->84->184->189->162->5->169->60->121->12->41->193->133->113->18->151->168->19->191->179->146->51->132->160->164->157->93->194->119->75->61->154->85->58->91->15->138->28->65->127->44->82->35->92->10->134->103",
        "104->111->39->46->71->32->30->29->22->183->137->72->2->116->176->114->7->192->163->81->115->156->147->1->25->167->148->195->166->170->155->34->9->104",
        "105->0->142->14->109->128->89->84->184->189->162->5->169->60->121->12->41->193->133->113->18->151->168->19->191->179->146->51->132->160->164->157->93->194->119->75->61->154->85->58->91->15->138->28->65->127->44->82->35->92->10->134->103->37->198->79->43->66->107->54->136->98->181->86->17->97->124->49->174->165->112->105",
        "106->100->122->90->26->197->94->27->159->87->172->42->64->185->188->158->47->67->20->57->118->96->68->149->186->13->45->135->59->117->153->95->80->6->8->77->78->145->52->69->55->70->130->144->175->101->83->131->126->171->24->50->110->31->53->178->88->23->120->123->38->129->11->40->108->141->152->140->199->173->187->161->56->48->21->74->106",
        "107->54->136->98->181->86->17->97->124->49->174->165->112->105->0->142->14->109->128->89->84->184->189->162->5->169->60->121->12->41->193->133->113->18->151->168->19->191->179->146->51->132->160->164->157->93->194->119->75->61->154->85->58->91->15->138->28->65->127->44->82->35->92->10->134->103->37->198->79->43->66->107",
        "108->141->152->140->199->173->187->161->56->48->21->74->106->100->122->90->26->197->94->27->159->87->172->42->64->185->188->158->47->67->20->57->118->96->68->149->186->13->45->135->59->117->153->95->80->6->8->77->78->145->52->69->55->70->130->144->175->101->83->131->126->171->24->50->110->31->53->178->88->23->120->123->38->129->11->40->108",
        "109->128->89->84->184->189->162->5->169->60->121->12->41->193->133->113->18->151->168->19->191->179->146->51->132->160->164->157->93->194->119->75->61->154->85->58->91->15->138->28->65->127->44->82->35->92->10->134->103->37->198->79->43->66->107->54->136->98->181->86->17->97->124->49->174->165->112->105->0->142->14->109",
        "110->31->53->178->88->23->120->123->38->129->11->40->108->141->152->140->199->173->187->161->56->48->21->74->106->100->122->90->26->197->94->27->159->87->172->42->64->185->188->158->47->67->20->57->118->96->68->149->186->13->45->135->59->117->153->95->80->6->8->77->78->145->52->69->55->70->130->144->175->101->83->131->126->171->24->50->110",
        "111->39->46->71->32->30->29->22->183->137->72->2->116->176->114->7->192->163->81->115->156->147->1->25->167->148->195->166->170->155->34->9->104->111",
        "112->105->0->142->14->109->128->89->84->184->189->162->5->169->60->121->12->41->193->133->113->18->151->168->19->191->179->146->51->132->160->164->157->93->194->119->75->61->154->85->58->91->15->138->28->65->127->44->82->35->92->10->134->103->37->198->79->43->66->107->54->136->98->181->86->17->97->124->49->174->165->112",
        "113->18->151->168->19->191->179->146->51->132->160->164->157->93->194->119->75->61->154->85->58->91->15->138->28->65->127->44->82->35->92->10->134->103->37->198->79->43->66->107->54->136->98->181->86->17->97->124->49->174->165->112->105->0->142->14->109->128->89->84->184->189->162->5->169->60->121->12->41->193->133->113",
        "114->7->192->163->81->115->156->147->1->25->167->148->195->166->170->155->34->9->104->111->39->46->71->32->30->29->22->183->137->72->2->116->176->114",
        "115->156->147->1->25->167->148->195->166->170->155->34->9->104->111->39->46->71->32->30->29->22->183->137->72->2->116->176->114->7->192->163->81->115",
        "116->176->114->7->192->163->81->115->156->147->1->25->167->148->195->166->170->155->34->9->104->111->39->46->71->32->30->29->22->183->137->72->2->116",
        "117->153->95->80->6->8->77->78->145->52->69->55->70->130->144->175->101->83->131->126->171->24->50->110->31->53->178->88->23->120->123->38->129->11->40->108->141->152->140->199->173->187->161->56->48->21->74->106->100->122->90->26->197->94->27->159->87->172->42->64->185->188->158->47->67->20->57->118->96->68->149->186->13->45->135->59->117",
        "118->96->68->149->186->13->45->135->59->117->153->95->80->6->8->77->78->145->52->69->55->70->130->144->175->101->83->131->126->171->24->50->110->31->53->178->88->23->120->123->38->129->11->40->108->141->152->140->199->173->187->161->56->48->21->74->106->100->122->90->26->197->94->27->159->87->172->42->64->185->188->158->47->67->20->57->118",
        "119->75->61->154->85->58->91->15->138->28->65->127->44->82->35->92->10->134->103->37->198->79->43->66->107->54->136->98->181->86->17->97->124->49->174->165->112->105->0->142->14->109->128->89->84->184->189->162->5->169->60->121->12->41->193->133->113->18->151->168->19->191->179->146->51->132->160->164->157->93->194->119",
        "120->123->38->129->11->40->108->141->152->140->199->173->187->161->56->48->21->74->106->100->122->90->26->197->94->27->159->87->172->42->64->185->188->158->47->67->20->57->118->96->68->149->186->13->45->135->59->117->153->95->80->6->8->77->78->145->52->69->55->70->130->144->175->101->83->131->126->171->24->50->110->31->53->178->88->23->120",
        "121->12->41->193->133->113->18->151->168->19->191->179->146->51->132->160->164->157->93->194->119->75->61->154->85->58->91->15->138->28->65->127->44->82->35->92->10->134->103->37->198->79->43->66->107->54->136->98->181->86->17->97->124->49->174->165->112->105->0->142->14->109->128->89->84->184->189->162->5->169->60->121",
